VRPSTW6-TPD1.5
====================================================================================
customer quantity: 5
vehicle quantity: 5
vehicle capacity: 50.0
cost per distance: 1
time per distance: 1.5
====================================================================================
feasible: True
solver runtime: 0.12099981307983398
objective function value: 18489.385955014888
MIP gap: 0.0
====================================================================================
|vehicle no.  |time         |node no.     |cargo        |X            |Y           
------------------------------------------------------------------------------------
|1            |0.0          |0            |20.0         |40.0         |50.0        
|1            |22.699       |5            |20.0         |42.0         |65.0        
|1            |112.699      |5            |10.0         |42.0         |65.0        
|1            |114.199      |3            |10.0         |42.0         |66.0        
|1            |204.199      |3            |0.0          |42.0         |66.0        
|1            |228.386      |0            |0.0          |40.0         |50.0        
------------------------------------------------------------------------------------
|4            |0.0          |0            |50.0         |40.0         |50.0        
|4            |729.592      |4            |50.0         |42.0         |68.0        
|4            |819.592      |4            |40.0         |42.0         |68.0        
|4            |825.0        |2            |40.0         |45.0         |70.0        
|4            |915.0        |2            |10.0         |45.0         |70.0        
|4            |918.0        |1            |10.0         |45.0         |68.0        
|4            |1008.0       |1            |0.0          |45.0         |68.0        
|4            |1036.022     |0            |0.0          |40.0         |50.0        
------------------------------------------------------------------------------------
