VRPSTW6-TPD1.0
====================================================================================
customer quantity: 6
vehicle quantity: 2
vehicle capacity: 200.0
cost per distance: 1
time per distance: 1.0
====================================================================================
feasible: True
solver runtime: 0.042999982833862305
objective function value: 8040.222189940493
MIP gap: 1.7160016601478313e-13
====================================================================================
|vehicle no.  |time         |node no.     |cargo        |X            |Y           
------------------------------------------------------------------------------------
|0            |0.0          |0            |70.0         |40.0         |50.0        
|0            |10.0         |2            |70.0         |30.0         |50.0        
|0            |100.0        |2            |40.0         |30.0         |50.0        
|0            |300.0        |5            |40.0         |10.0         |40.0        
|0            |390.0        |5            |10.0         |10.0         |40.0        
|0            |450.0        |6            |10.0         |35.0         |30.0        
|0            |540.0        |6            |0.0          |35.0         |30.0        
|0            |560.616      |0            |0.0          |40.0         |50.0        
------------------------------------------------------------------------------------
|1            |0.0          |0            |80.0         |40.0         |50.0        
|1            |50.0         |1            |80.0         |45.0         |68.0        
|1            |140.0        |1            |60.0         |45.0         |68.0        
|1            |200.0        |3            |60.0         |25.0         |85.0        
|1            |290.0        |3            |20.0         |25.0         |85.0        
|1            |304.142      |4            |20.0         |15.0         |75.0        
|1            |394.142      |4            |0.0          |15.0         |75.0        
|1            |429.497      |0            |0.0          |40.0         |50.0        
------------------------------------------------------------------------------------
