C101_050_blended_w0.5_0.5
====================================================================================
customer quantity: 50
vehicle quantity: 25
vehicle capacity: 200.0
cost per distance: 1.0
time per distance: 1.0
====================================================================================
feasible: True
solver runtime: 901.8289999961853
objective function value: 79494.42423232309
MIP gap: 0
====================================================================================
|vehicle no.  |time         |node no.     |cargo        |X            |Y           
------------------------------------------------------------------------------------
|1            |0.0          |0            |50.0         |40.0         |50.0        
|1            |16.553       |43           |50.0         |33.0         |35.0        
|1            |106.553      |43           |40.0         |33.0         |35.0        
|1            |109.553      |42           |40.0         |33.0         |32.0        
|1            |199.553      |42           |20.0         |33.0         |32.0        
|1            |201.553      |41           |20.0         |35.0         |32.0        
|1            |291.553      |41           |10.0         |35.0         |32.0        
|1            |293.553      |40           |10.0         |35.0         |30.0        
|1            |383.553      |40           |0.0          |35.0         |30.0        
|1            |1236.0       |0            |0.0          |40.0         |50.0        
------------------------------------------------------------------------------------
|3            |0.0          |0            |100.0        |40.0         |50.0        
|3            |15.133       |5            |100.0        |42.0         |65.0        
|3            |105.133      |5            |90.0         |42.0         |65.0        
|3            |109.375      |1            |90.0         |45.0         |68.0        
|3            |199.375      |1            |80.0         |45.0         |68.0        
|3            |201.375      |2            |80.0         |45.0         |70.0        
|3            |291.375      |2            |50.0         |45.0         |70.0        
|3            |333.435      |44           |50.0         |32.0         |30.0        
|3            |423.435      |44           |40.0         |32.0         |30.0        
|3            |426.263      |46           |40.0         |30.0         |32.0        
|3            |516.263      |46           |10.0         |30.0         |32.0        
|3            |600.0        |45           |10.0         |30.0         |30.0        
|3            |690.0        |45           |0.0          |30.0         |30.0        
|3            |1236.0       |0            |0.0          |40.0         |50.0        
------------------------------------------------------------------------------------
|8            |0.0          |0            |140.0        |40.0         |50.0        
|8            |31.623       |32           |140.0        |10.0         |40.0        
|8            |121.623      |32           |110.0        |10.0         |40.0        
|8            |123.623      |33           |110.0        |8.0          |40.0        
|8            |213.623      |33           |70.0         |8.0          |40.0        
|8            |219.008      |31           |70.0         |10.0         |35.0        
|8            |309.008      |31           |50.0         |10.0         |35.0        
|8            |314.008      |35           |50.0         |5.0          |35.0        
|8            |404.008      |35           |40.0         |5.0          |35.0        
|8            |427.545      |48           |40.0         |28.0         |30.0        
|8            |517.545      |48           |30.0         |28.0         |30.0        
|8            |520.374      |50           |30.0         |26.0         |32.0        
|8            |610.374      |50           |20.0         |26.0         |32.0        
|8            |613.979      |49           |20.0         |28.0         |35.0        
|8            |703.979      |49           |10.0         |28.0         |35.0        
|8            |705.979      |47           |10.0         |30.0         |35.0        
|8            |795.979      |47           |0.0          |30.0         |35.0        
|8            |1236.0       |0            |0.0          |40.0         |50.0        
------------------------------------------------------------------------------------
|9            |0.0          |0            |10.0         |40.0         |50.0        
|9            |10.0         |20           |10.0         |30.0         |50.0        
|9            |100.0        |20           |0.0          |30.0         |50.0        
|9            |1236.0       |0            |0.0          |40.0         |50.0        
------------------------------------------------------------------------------------
|11           |0.0          |0            |110.0        |40.0         |50.0        
|11           |16.125       |3            |110.0        |42.0         |66.0        
|11           |106.125      |3            |100.0        |42.0         |66.0        
|11           |108.125      |7            |100.0        |40.0         |66.0        
|11           |198.125      |7            |80.0         |40.0         |66.0        
|11           |200.953      |8            |80.0         |38.0         |68.0        
|11           |290.953      |8            |60.0         |38.0         |68.0        
|11           |294.558      |10           |60.0         |35.0         |66.0        
|11           |384.558      |10           |50.0         |35.0         |66.0        
|11           |387.558      |11           |50.0         |35.0         |69.0        
|11           |477.558      |11           |40.0         |35.0         |69.0        
|11           |480.721      |9            |40.0         |38.0         |70.0        
|11           |570.721      |9            |30.0         |38.0         |70.0        
|11           |572.957      |6            |30.0         |40.0         |69.0        
|11           |662.957      |6            |10.0         |40.0         |69.0        
|11           |665.193      |4            |10.0         |42.0         |68.0        
|11           |755.193      |4            |0.0          |42.0         |68.0        
|11           |1236.0       |0            |0.0          |40.0         |50.0        
------------------------------------------------------------------------------------
|12           |0.0          |0            |190.0        |40.0         |50.0        
|12           |30.806       |13           |190.0        |22.0         |75.0        
|12           |120.806      |13           |160.0        |22.0         |75.0        
|12           |124.806      |17           |160.0        |18.0         |75.0        
|12           |214.806      |17           |140.0        |18.0         |75.0        
|12           |217.806      |18           |140.0        |15.0         |75.0        
|12           |307.806      |18           |120.0        |15.0         |75.0        
|12           |312.806      |19           |120.0        |15.0         |80.0        
|12           |402.806      |19           |110.0        |15.0         |80.0        
|12           |407.806      |15           |110.0        |20.0         |80.0        
|12           |497.806      |15           |70.0         |20.0         |80.0        
|12           |502.806      |16           |70.0         |20.0         |85.0        
|12           |592.806      |16           |30.0         |20.0         |85.0        
|12           |594.806      |14           |30.0         |22.0         |85.0        
|12           |684.806      |14           |20.0         |22.0         |85.0        
|12           |687.806      |12           |20.0         |25.0         |85.0        
|12           |777.806      |12           |0.0          |25.0         |85.0        
|12           |1043.613     |0            |0.0          |40.0         |50.0        
------------------------------------------------------------------------------------
|13           |0.0          |0            |120.0        |40.0         |50.0        
|13           |15.0         |24           |120.0        |25.0         |50.0        
|13           |105.0        |24           |110.0        |25.0         |50.0        
|13           |107.0        |25           |110.0        |25.0         |52.0        
|13           |197.0        |25           |70.0         |25.0         |52.0        
|13           |199.0        |27           |70.0         |23.0         |52.0        
|13           |289.0        |27           |60.0         |23.0         |52.0        
|13           |292.606      |29           |60.0         |20.0         |50.0        
|13           |382.606      |29           |50.0         |20.0         |50.0        
|13           |499.0        |30           |50.0         |20.0         |55.0        
|13           |589.0        |30           |40.0         |20.0         |55.0        
|13           |592.0        |28           |40.0         |23.0         |55.0        
|13           |682.0        |28           |20.0         |23.0         |55.0        
|13           |684.0        |26           |20.0         |25.0         |55.0        
|13           |774.0        |26           |10.0         |25.0         |55.0        
|13           |777.0        |23           |10.0         |28.0         |55.0        
|13           |867.0        |23           |0.0          |28.0         |55.0        
|13           |1236.0       |0            |0.0          |40.0         |50.0        
------------------------------------------------------------------------------------
|18           |0.0          |0            |140.0        |40.0         |50.0        
|18           |10.198       |21           |140.0        |30.0         |52.0        
|18           |100.198      |21           |120.0        |30.0         |52.0        
|18           |102.198      |22           |120.0        |28.0         |52.0        
|18           |192.198      |22           |100.0        |28.0         |52.0        
|18           |247.0        |39           |100.0        |0.0          |45.0        
|18           |337.0        |39           |80.0         |0.0          |45.0        
|18           |342.0        |38           |80.0         |0.0          |40.0        
|18           |432.0        |38           |50.0         |0.0          |40.0        
|18           |434.0        |37           |50.0         |2.0          |40.0        
|18           |524.0        |37           |30.0         |2.0          |40.0        
|18           |623.0        |34           |30.0         |8.0          |45.0        
|18           |713.0        |34           |10.0         |8.0          |45.0        
|18           |716.0        |36           |10.0         |5.0          |45.0        
|18           |806.0        |36           |0.0          |5.0          |45.0        
|18           |1236.0       |0            |0.0          |40.0         |50.0        
------------------------------------------------------------------------------------
