C101_050_blended_w0.2_0.8
====================================================================================
customer quantity: 50
vehicle quantity: 25
vehicle capacity: 200.0
cost per distance: 1.0
time per distance: 1.0
====================================================================================
feasible: True
solver runtime: 901.6440000534058
objective function value: 92591.71308541838
MIP gap: 0
====================================================================================
|vehicle no.  |time         |node no.     |cargo        |X            |Y           
------------------------------------------------------------------------------------
|5            |0.0          |0            |170.0        |40.0         |50.0        
|5            |10.0         |20           |170.0        |30.0         |50.0        
|5            |100.0        |20           |160.0        |30.0         |50.0        
|5            |127.731      |17           |160.0        |18.0         |75.0        
|5            |217.731      |17           |140.0        |18.0         |75.0        
|5            |220.731      |18           |140.0        |15.0         |75.0        
|5            |310.731      |18           |120.0        |15.0         |75.0        
|5            |315.731      |19           |120.0        |15.0         |80.0        
|5            |405.731      |19           |110.0        |15.0         |80.0        
|5            |410.731      |15           |110.0        |20.0         |80.0        
|5            |500.731      |15           |70.0         |20.0         |80.0        
|5            |505.731      |16           |70.0         |20.0         |85.0        
|5            |595.731      |16           |30.0         |20.0         |85.0        
|5            |620.0        |14           |30.0         |22.0         |85.0        
|5            |710.0        |14           |20.0         |22.0         |85.0        
|5            |721.0        |12           |20.0         |25.0         |85.0        
|5            |811.0        |12           |0.0          |25.0         |85.0        
|5            |849.079      |0            |0.0          |40.0         |50.0        
------------------------------------------------------------------------------------
|6            |0.0          |0            |120.0        |40.0         |50.0        
|6            |16.763       |10           |120.0        |35.0         |66.0        
|6            |106.763      |10           |110.0        |35.0         |66.0        
|6            |109.763      |11           |110.0        |35.0         |69.0        
|6            |199.763      |11           |100.0        |35.0         |69.0        
|6            |202.925      |9            |100.0        |38.0         |70.0        
|6            |292.925      |9            |90.0         |38.0         |70.0        
|6            |294.925      |8            |90.0         |38.0         |68.0        
|6            |384.925      |8            |70.0         |38.0         |68.0        
|6            |387.161      |6            |70.0         |40.0         |69.0        
|6            |477.161      |6            |50.0         |40.0         |69.0        
|6            |479.397      |4            |50.0         |42.0         |68.0        
|6            |569.397      |4            |40.0         |42.0         |68.0        
|6            |573.003      |2            |40.0         |45.0         |70.0        
|6            |663.003      |2            |10.0         |45.0         |70.0        
|6            |665.003      |1            |10.0         |45.0         |68.0        
|6            |755.003      |1            |0.0          |45.0         |68.0        
|6            |1236.0       |0            |0.0          |40.0         |50.0        
------------------------------------------------------------------------------------
|7            |0.0          |0            |120.0        |40.0         |50.0        
|7            |31.623       |32           |120.0        |10.0         |40.0        
|7            |121.623      |32           |90.0         |10.0         |40.0        
|7            |123.623      |33           |90.0         |8.0          |40.0        
|7            |213.623      |33           |50.0         |8.0          |40.0        
|7            |237.0        |31           |50.0         |10.0         |35.0        
|7            |327.0        |31           |30.0         |10.0         |35.0        
|7            |343.279      |50           |30.0         |26.0         |32.0        
|7            |433.279      |50           |20.0         |26.0         |32.0        
|7            |436.107      |48           |20.0         |28.0         |30.0        
|7            |526.107      |48           |10.0         |28.0         |30.0        
|7            |531.492      |47           |10.0         |30.0         |35.0        
|7            |621.492      |47           |0.0          |30.0         |35.0        
|7            |639.52       |0            |0.0          |40.0         |50.0        
------------------------------------------------------------------------------------
|8            |0.0          |0            |100.0        |40.0         |50.0        
|8            |15.0         |24           |100.0        |25.0         |50.0        
|8            |105.0        |24           |90.0         |25.0         |50.0        
|8            |107.828      |27           |90.0         |23.0         |52.0        
|8            |197.828      |27           |80.0         |23.0         |52.0        
|8            |199.828      |25           |80.0         |25.0         |52.0        
|8            |289.828      |25           |40.0         |25.0         |52.0        
|8            |446.923      |22           |40.0         |28.0         |52.0        
|8            |536.923      |22           |20.0         |28.0         |52.0        
|8            |965.0        |21           |20.0         |30.0         |52.0        
|8            |1055.0       |21           |0.0          |30.0         |52.0        
|8            |1236.0       |0            |0.0          |40.0         |50.0        
------------------------------------------------------------------------------------
|12           |0.0          |0            |90.0         |40.0         |50.0        
|12           |30.806       |13           |90.0         |22.0         |75.0        
|12           |120.806      |13           |60.0         |22.0         |75.0        
|12           |140.906      |30           |60.0         |20.0         |55.0        
|12           |230.906      |30           |50.0         |20.0         |55.0        
|12           |235.906      |29           |50.0         |20.0         |50.0        
|12           |325.906      |29           |40.0         |20.0         |50.0        
|12           |331.737      |28           |40.0         |23.0         |55.0        
|12           |421.737      |28           |20.0         |23.0         |55.0        
|12           |423.737      |26           |20.0         |25.0         |55.0        
|12           |513.737      |26           |10.0         |25.0         |55.0        
|12           |777.0        |23           |10.0         |28.0         |55.0        
|12           |867.0        |23           |0.0          |28.0         |55.0        
|12           |1236.0       |0            |0.0          |40.0         |50.0        
------------------------------------------------------------------------------------
|15           |0.0          |0            |40.0         |40.0         |50.0        
|15           |15.133       |5            |40.0         |42.0         |65.0        
|15           |105.133      |5            |30.0         |42.0         |65.0        
|15           |106.133      |3            |30.0         |42.0         |66.0        
|15           |196.133      |3            |20.0         |42.0         |66.0        
|15           |198.133      |7            |20.0         |40.0         |66.0        
|15           |288.133      |7            |0.0          |40.0         |66.0        
|15           |1236.0       |0            |0.0          |40.0         |50.0        
------------------------------------------------------------------------------------
|16           |0.0          |0            |140.0        |40.0         |50.0        
|16           |19.313       |42           |140.0        |33.0         |32.0        
|16           |109.313      |42           |120.0        |33.0         |32.0        
|16           |112.919      |45           |120.0        |30.0         |30.0        
|16           |202.919      |45           |110.0        |30.0         |30.0        
|16           |334.169      |35           |110.0        |5.0          |35.0        
|16           |424.169      |35           |100.0        |5.0          |35.0        
|16           |430.0        |37           |100.0        |2.0          |40.0        
|16           |520.0        |37           |80.0         |2.0          |40.0        
|16           |522.0        |38           |80.0         |0.0          |40.0        
|16           |612.0        |38           |50.0         |0.0          |40.0        
|16           |617.0        |39           |50.0         |0.0          |45.0        
|16           |707.0        |39           |30.0         |0.0          |45.0        
|16           |716.0        |36           |30.0         |5.0          |45.0        
|16           |806.0        |36           |20.0         |5.0          |45.0        
|16           |816.0        |34           |20.0         |8.0          |45.0        
|16           |906.0        |34           |0.0          |8.0          |45.0        
|16           |938.388      |0            |0.0          |40.0         |50.0        
------------------------------------------------------------------------------------
|19           |0.0          |0            |80.0         |40.0         |50.0        
|19           |16.553       |43           |80.0         |33.0         |35.0        
|19           |106.553      |43           |70.0         |33.0         |35.0        
|19           |110.158      |41           |70.0         |35.0         |32.0        
|19           |200.158      |41           |60.0         |35.0         |32.0        
|19           |202.158      |40           |60.0         |35.0         |30.0        
|19           |292.158      |40           |50.0         |35.0         |30.0        
|19           |295.158      |44           |50.0         |32.0         |30.0        
|19           |385.158      |44           |40.0         |32.0         |30.0        
|19           |416.385      |46           |40.0         |30.0         |32.0        
|19           |506.385      |46           |10.0         |30.0         |32.0        
|19           |1066.0       |49           |10.0         |28.0         |35.0        
|19           |1156.0       |49           |0.0          |28.0         |35.0        
|19           |1236.0       |0            |0.0          |40.0         |50.0        
------------------------------------------------------------------------------------
