R206_050
====================================================================================
customer quantity: 50
vehicle quantity: 25
vehicle capacity: 1000.0
cost per distance: 1.0
time per distance: 1.0
====================================================================================
feasible: True
solver runtime: 3600.0488381385803
objective function value: 651.1681150951165
MIP gap: 0.19659292582233945
====================================================================================
|vehicle no.  |time         |node no.     |cargo        |X            |Y            |premium     
------------------------------------------------------------------------------------
|3            |0.0          |0            |131.0        |35.0         |35.0         |No          
|3            |18.0         |2            |131.0        |35.0         |17.0         |No          
|3            |28.0         |2            |124.0        |35.0         |17.0         |No          
|3            |118.0        |15           |124.0        |30.0         |5.0          |No          
|3            |128.0        |15           |116.0        |30.0         |5.0          |No          
|3            |137.22       |42           |116.0        |24.0         |12.0         |No          
|3            |147.22       |42           |111.0        |24.0         |12.0         |No          
|3            |156.164      |37           |111.0        |20.0         |20.0         |No          
|3            |166.164      |37           |103.0        |20.0         |20.0         |No          
|3            |203.0        |16           |103.0        |10.0         |20.0         |No          
|3            |213.0        |16           |84.0         |10.0         |20.0         |No          
|3            |219.083      |44           |84.0         |11.0         |14.0         |No          
|3            |229.083      |44           |66.0         |11.0         |14.0         |No          
|3            |239.899      |38           |66.0         |5.0          |5.0          |No          
|3            |249.899      |38           |50.0         |5.0          |5.0          |No          
|3            |261.08       |14           |50.0         |15.0         |10.0         |No          
|3            |271.08       |14           |30.0         |15.0         |10.0         |No          
|3            |543.0        |43           |30.0         |23.0         |3.0          |No          
|3            |553.0        |43           |23.0         |23.0         |3.0          |No          
|3            |879.0        |13           |23.0         |30.0         |25.0         |No          
|3            |889.0        |13           |0.0          |30.0         |25.0         |No          
|3            |1000.0       |0            |0.0          |35.0         |35.0         |No          
------------------------------------------------------------------------------------
|8            |0.0          |0            |167.0        |35.0         |35.0         |No          
|8            |239.569      |26           |167.0        |45.0         |30.0         |No          
|8            |249.569      |26           |150.0        |45.0         |30.0         |No          
|8            |273.0        |39           |150.0        |60.0         |12.0         |No          
|8            |283.0        |39           |119.0        |60.0         |12.0         |No          
|8            |310.82       |23           |119.0        |55.0         |5.0          |No          
|8            |320.82       |23           |90.0         |55.0         |5.0          |No          
|8            |334.0        |41           |90.0         |42.0         |7.0          |No          
|8            |344.0        |41           |85.0         |42.0         |7.0          |No          
|8            |348.243      |22           |85.0         |45.0         |10.0         |No          
|8            |358.243      |22           |67.0         |45.0         |10.0         |No          
|8            |501.929      |21           |67.0         |45.0         |20.0         |No          
|8            |511.929      |21           |56.0         |45.0         |20.0         |No          
|8            |519.0        |40           |56.0         |40.0         |25.0         |No          
|8            |529.0        |40           |47.0         |40.0         |25.0         |No          
|8            |620.0        |4            |47.0         |55.0         |20.0         |No          
|8            |630.0        |4            |28.0         |55.0         |20.0         |No          
|8            |716.0        |25           |28.0         |65.0         |20.0         |No          
|8            |726.0        |25           |22.0         |65.0         |20.0         |No          
|8            |741.0        |24           |22.0         |65.0         |35.0         |No          
|8            |751.0        |24           |19.0         |65.0         |35.0         |No          
|8            |766.0        |12           |19.0         |50.0         |35.0         |No          
|8            |776.0        |12           |0.0          |50.0         |35.0         |No          
|8            |1000.0       |0            |0.0          |35.0         |35.0         |No          
------------------------------------------------------------------------------------
|11           |0.0          |0            |194.0        |35.0         |35.0         |No          
|11           |60.0         |27           |194.0        |35.0         |40.0         |No          
|11           |70.0         |27           |178.0        |35.0         |40.0         |No          
|11           |165.955      |1            |178.0        |41.0         |49.0         |No          
|11           |175.955      |1            |168.0        |41.0         |49.0         |No          
|11           |187.0        |30           |168.0        |40.0         |60.0         |No          
|11           |197.0        |30           |147.0        |40.0         |60.0         |No          
|11           |217.616      |11           |147.0        |20.0         |65.0         |No          
|11           |227.616      |11           |135.0        |20.0         |65.0         |No          
|11           |245.727      |19           |135.0        |15.0         |60.0         |No          
|11           |255.727      |19           |118.0        |15.0         |60.0         |No          
|11           |263.789      |47           |118.0        |8.0          |56.0         |No          
|11           |273.789      |47           |91.0         |8.0          |56.0         |No          
|11           |281.0        |36           |91.0         |2.0          |60.0         |No          
|11           |291.0        |36           |86.0         |2.0          |60.0         |No          
|11           |401.0        |49           |86.0         |6.0          |68.0         |No          
|11           |411.0        |49           |56.0         |6.0          |68.0         |No          
|11           |428.464      |48           |56.0         |13.0         |52.0         |No          
|11           |438.464      |48           |20.0         |13.0         |52.0         |No          
|11           |445.744      |7            |20.0         |20.0         |50.0         |No          
|11           |455.744      |7            |15.0         |20.0         |50.0         |No          
|11           |465.744      |18           |15.0         |20.0         |40.0         |No          
|11           |475.744      |18           |3.0          |20.0         |40.0         |No          
|11           |486.925      |6            |3.0          |25.0         |30.0         |No          
|11           |496.925      |6            |0.0          |25.0         |30.0         |No          
|11           |1000.0       |0            |0.0          |35.0         |35.0         |No          
------------------------------------------------------------------------------------
|22           |0.0          |0            |175.0        |35.0         |35.0         |No          
|22           |65.0         |28           |175.0        |41.0         |37.0         |No          
|22           |75.0         |28           |159.0        |41.0         |37.0         |No          
|22           |246.19       |50           |159.0        |47.0         |47.0         |No          
|22           |256.19       |50           |146.0        |47.0         |47.0         |No          
|22           |264.0        |33           |146.0        |53.0         |52.0         |No          
|22           |274.0        |33           |135.0        |53.0         |52.0         |No          
|22           |352.513      |3            |135.0        |55.0         |45.0         |No          
|22           |362.513      |3            |122.0        |55.0         |45.0         |No          
|22           |372.0        |29           |122.0        |64.0         |42.0         |No          
|22           |382.0        |29           |113.0        |64.0         |42.0         |No          
|22           |547.82       |34           |113.0        |65.0         |55.0         |No          
|22           |557.82       |34           |99.0         |65.0         |55.0         |No          
|22           |569.0        |9            |99.0         |55.0         |60.0         |No          
|22           |579.0        |9            |83.0         |55.0         |60.0         |No          
|22           |630.0        |35           |83.0         |63.0         |65.0         |No          
|22           |640.0        |35           |75.0         |63.0         |65.0         |No          
|22           |658.0        |20           |75.0         |45.0         |65.0         |No          
|22           |668.0        |20           |66.0         |45.0         |65.0         |No          
|22           |678.77       |32           |66.0         |35.0         |69.0         |No          
|22           |688.77       |32           |43.0         |35.0         |69.0         |No          
|22           |699.066      |10           |43.0         |30.0         |60.0         |No          
|22           |709.066      |10           |27.0         |30.0         |60.0         |No          
|22           |717.128      |31           |27.0         |31.0         |52.0         |No          
|22           |727.128      |31           |0.0          |31.0         |52.0         |No          
|22           |1000.0       |0            |0.0          |35.0         |35.0         |No          
------------------------------------------------------------------------------------
|24           |0.0          |0            |54.0         |35.0         |35.0         |No          
|24           |269.0        |45           |54.0         |6.0          |38.0         |No          
|24           |279.0        |45           |38.0         |6.0          |38.0         |No          
|24           |563.0        |8            |38.0         |10.0         |43.0         |No          
|24           |573.0        |8            |29.0         |10.0         |43.0         |No          
|24           |653.752      |46           |29.0         |2.0          |48.0         |No          
|24           |663.752      |46           |28.0         |2.0          |48.0         |No          
|24           |682.0        |17           |28.0         |5.0          |30.0         |No          
|24           |692.0        |17           |26.0         |5.0          |30.0         |No          
|24           |702.0        |5            |26.0         |15.0         |30.0         |No          
|24           |712.0        |5            |0.0          |15.0         |30.0         |No          
|24           |1000.0       |0            |0.0          |35.0         |35.0         |No          
------------------------------------------------------------------------------------
