VRPSTW6-TPD0.5
====================================================================================
customer quantity: 6
vehicle quantity: 2
vehicle capacity: 200.0
cost per distance: 1
time per distance: 0.5
====================================================================================
feasible: True
solver runtime: 0.03600001335144043
objective function value: 174.32985781089982
MIP gap: 0.0
====================================================================================
|vehicle no.  |time         |node no.     |cargo        |X            |Y           
------------------------------------------------------------------------------------
|0            |0.0          |0            |70.0         |40.0         |50.0        
|0            |150.0        |2            |70.0         |30.0         |50.0        
|0            |240.0        |2            |40.0         |30.0         |50.0        
|0            |300.0        |5            |40.0         |10.0         |40.0        
|0            |390.0        |5            |10.0         |10.0         |40.0        
|0            |403.463      |6            |10.0         |35.0         |30.0        
|0            |493.463      |6            |0.0          |35.0         |30.0        
|0            |503.771      |0            |0.0          |40.0         |50.0        
------------------------------------------------------------------------------------
|1            |0.0          |0            |80.0         |40.0         |50.0        
|1            |100.0        |1            |80.0         |45.0         |68.0        
|1            |190.0        |1            |60.0         |45.0         |68.0        
|1            |203.124      |3            |60.0         |25.0         |85.0        
|1            |293.124      |3            |20.0         |25.0         |85.0        
|1            |300.195      |4            |20.0         |15.0         |75.0        
|1            |390.195      |4            |0.0          |15.0         |75.0        
|1            |407.873      |0            |0.0          |40.0         |50.0        
------------------------------------------------------------------------------------
