R101_025_blended_w0.2_0.8
====================================================================================
customer quantity: 25
vehicle quantity: 25
vehicle capacity: 200.0
cost per distance: 1.0
time per distance: 1.0
====================================================================================
feasible: True
solver runtime: 901.2889997959137
objective function value: 89822.26445777192
MIP gap: 0
====================================================================================
|vehicle no.  |time         |node no.     |cargo        |X            |Y           
------------------------------------------------------------------------------------
|3            |0.0          |0            |35.0         |35.0         |35.0        
|3            |73.0         |12           |35.0         |50.0         |35.0        
|3            |83.0         |12           |16.0         |50.0         |35.0        
|3            |98.0         |24           |16.0         |65.0         |35.0        
|3            |108.0        |24           |13.0         |65.0         |35.0        
|3            |126.0        |3            |13.0         |55.0         |45.0        
|3            |136.0        |3            |0.0          |55.0         |45.0        
|3            |230.0        |0            |0.0          |35.0         |35.0        
------------------------------------------------------------------------------------
|5            |0.0          |0            |50.0         |35.0         |35.0        
|5            |30.414       |15           |50.0         |30.0         |5.0         
|5            |40.414       |15           |42.0         |30.0         |5.0         
|5            |49.112       |14           |42.0         |15.0         |10.0        
|5            |59.112       |14           |22.0         |15.0         |10.0        
|5            |80.972       |16           |22.0         |10.0         |20.0        
|5            |90.972       |16           |3.0          |10.0         |20.0        
|5            |109.0        |6            |3.0          |25.0         |30.0        
|5            |119.0        |6            |0.0          |25.0         |30.0        
|5            |230.0        |0            |0.0          |35.0         |35.0        
------------------------------------------------------------------------------------
|7            |0.0          |0            |83.0         |35.0         |35.0        
|7            |18.028       |21           |83.0         |45.0         |20.0        
|7            |28.028       |21           |72.0         |45.0         |20.0        
|7            |56.82        |22           |72.0         |45.0         |10.0        
|7            |66.82        |22           |54.0         |45.0         |10.0        
|7            |78.0         |23           |54.0         |55.0         |5.0         
|7            |88.0         |23           |25.0         |55.0         |5.0         
|7            |106.028      |25           |25.0         |65.0         |20.0        
|7            |116.028      |25           |19.0         |65.0         |20.0        
|7            |126.028      |4            |19.0         |55.0         |20.0        
|7            |136.028      |4            |0.0          |55.0         |20.0        
|7            |230.0        |0            |0.0          |35.0         |35.0        
------------------------------------------------------------------------------------
|8            |0.0          |0            |49.0         |35.0         |35.0        
|8            |20.616       |5            |49.0         |15.0         |30.0        
|8            |30.616       |5            |23.0         |15.0         |30.0        
|8            |40.616       |17           |23.0         |5.0          |30.0        
|8            |50.616       |17           |21.0         |5.0          |30.0        
|8            |64.544       |8            |21.0         |10.0         |43.0        
|8            |74.544       |8            |12.0         |10.0         |43.0        
|8            |97.0         |18           |12.0         |20.0         |40.0        
|8            |107.0        |18           |0.0          |20.0         |40.0        
|8            |230.0        |0            |0.0          |35.0         |35.0        
------------------------------------------------------------------------------------
|15           |0.0          |0            |51.0         |35.0         |35.0        
|15           |32.016       |9            |51.0         |55.0         |60.0        
|15           |42.016       |9            |35.0         |55.0         |60.0        
|15           |53.196       |20           |35.0         |45.0         |65.0        
|15           |63.196       |20           |26.0         |45.0         |65.0        
|15           |79.007       |10           |26.0         |30.0         |60.0        
|15           |89.007       |10           |10.0         |30.0         |60.0        
|15           |104.564      |1            |10.0         |41.0         |49.0        
|15           |114.564      |1            |0.0          |41.0         |49.0        
|15           |129.795      |0            |0.0          |35.0         |35.0        
------------------------------------------------------------------------------------
|16           |0.0          |0            |34.0         |35.0         |35.0        
|16           |32.016       |19           |34.0         |15.0         |60.0        
|16           |42.016       |19           |17.0         |15.0         |60.0        
|16           |49.087       |11           |17.0         |20.0         |65.0        
|16           |59.087       |11           |5.0          |20.0         |65.0        
|16           |74.087       |7            |5.0          |20.0         |50.0        
|16           |84.087       |7            |0.0          |20.0         |50.0        
|16           |105.3        |0            |0.0          |35.0         |35.0        
------------------------------------------------------------------------------------
|20           |0.0          |0            |30.0         |35.0         |35.0        
|20           |60.0         |2            |30.0         |35.0         |17.0        
|20           |70.0         |2            |23.0         |35.0         |17.0        
|20           |169.0        |13           |23.0         |30.0         |25.0        
|20           |179.0        |13           |0.0          |30.0         |25.0        
|20           |230.0        |0            |0.0          |35.0         |35.0        
------------------------------------------------------------------------------------
