VRPSTW6-TPD1.5
True
18489.385955014888
0.0
7
5
50.0
1
1.5
0.12099981307983398
0
0
0
0
0
0
1
0
0
0
0
0
0
0
0
0
0
0
0
0
0
0
0
0
0
0
0
0
0
0
0
0
0
0
0
0
0
0
0
0
0
0
0
0
0
0
0
0
0
0
0
0
0
0
1
0
0
0
0
0
0
0
0
0
0
0
0
0
0
0
0
0
0
0
0
0
1
0
0
0
0
0
0
0
0
0
0
1
0
0
0
0
0
0
0
0
0
0
0
0
0
0
0
0
1
0
0
0
0
0
0
0
0
0
0
0
0
0
0
0
0
0
0
0
0
0
0
0
0
0
0
0
0
0
0
0
0
0
0
0
0
0
0
0
0
0
0
0
0
0
0
0
0
1
0
0
0
0
0
0
0
0
0
0
0
0
0
0
0
0
0
0
0
0
0
0
0
0
0
0
0
0
0
0
0
0
0
0
0
0
0
0
0
0
0
0
0
0
0
0
1
0
0
0
0
0
0
0
0
1
0
1
0
0
0
0
0
0
0
0
0
0
0
0
0
0
1
0
0
0
0
0
0
0
0
0
0
0
0
0
0
0
0
0
0
0.0
0.0
0.0
0.0
0.0
999887.3008810744
0.0
0.0
0.0
0.0
114.19911892560776
0.0
22.699118925607763
228.38589216652167
0.0
0.0
0.0
0.0
0.0
0.0
0.0
0.0
0.0
0.0
0.0
0.0
0.0
0.0
0.0
918.0
825.0
0.0
729.5916730867466
0.0
1036.022312538349
40.0
50.0
45.0
68.0
45.0
70.0
42.0
66.0
42.0
68.0
42.0
65.0
40.0
50.0
0.0
0.0
912.0
967.0
825.0
870.0
65.0
146.0
727.0
782.0
15.0
67.0
0.0
1236.0
0.0
10.0
30.0
10.0
10.0
10.0
0.0
0.0
90.0
90.0
90.0
90.0
90.0
0.0
