VRPSTW6-TPD1.0
True
9674.3298578109
0.0
8
2
200.0
1
1.0
0.05299997329711914
0
0
1
0
0
0
0
0
0
0
0
0
0
0
0
0
0
0
0
0
0
1
0
0
0
0
0
0
0
0
0
0
0
0
0
0
0
0
0
0
0
0
0
0
0
0
1
0
0
0
0
0
0
0
0
1
0
0
0
0
0
0
0
0
0
1
0
0
0
0
0
0
0
0
0
1
0
0
0
0
0
0
0
0
0
0
0
0
0
0
0
0
1
0
0
0
0
0
0
0
0
0
0
1
0
0
0
0
0
0
0
0
0
0
0
0
0
0
0
0
0
0
0
0
0
0
0
0
0.0
0.0
10.0
0.0
0.0
300.0
416.92582403565757
1236.0
0.0
50.0
0.0
200.0
304.1421356238425
0.0
0.0
1236.0
40.0
50.0
45.0
68.0
30.0
50.0
25.0
85.0
15.0
75.0
10.0
40.0
35.0
30.0
40.0
50.0
0.0
0.0
1000.0
50.0
0.0
50.0
200.0
300.0
250.0
350.0
300.0
400.0
350.0
450.0
0.0
1236.0
0.0
20.0
30.0
40.0
20.0
30.0
10.0
0.0
0.0
90.0
90.0
90.0
90.0
90.0
90.0
0.0
