VRPSTW6-TPD0.5
True
8040.222189940442
0.0
8
2
200.0
1
0.5
0.051000118255615234
0
1
0
0
0
0
0
0
0
0
0
1
0
0
0
0
0
0
0
0
0
0
0
0
0
0
0
0
1
0
0
0
0
0
0
0
0
0
0
1
0
0
0
0
0
0
0
0
0
0
0
0
0
0
0
0
0
0
0
0
0
0
0
0
0
0
1
0
0
0
0
0
0
0
0
0
0
0
0
0
0
0
0
0
0
1
0
0
0
0
0
0
0
0
0
0
0
0
0
0
0
0
0
0
0
0
0
0
0
0
1
0
0
0
0
0
0
0
0
1
0
0
0
0
0
0
0
0
0.0
50.0
0.0
200.0
297.0710678119213
0.0
0.0
404.748737341608
0.0
0.0
5.0
0.0
0.0
300.0
403.4629120178288
503.7706760818837
40.0
50.0
45.0
68.0
30.0
50.0
25.0
85.0
15.0
75.0
10.0
40.0
35.0
30.0
40.0
50.0
0.0
0.0
100.0
50.0
0.0
50.0
200.0
300.0
250.0
350.0
300.0
400.0
350.0
450.0
0.0
1236.0
0.0
20.0
30.0
40.0
20.0
30.0
10.0
0.0
0.0
90.0
90.0
90.0
90.0
90.0
90.0
0.0
